(-111.28162, 40.64505), (-77.03196, 38.89037), (-77.03196, 38.89037), (-77.03196, 38.89037), (-77.03196, 38.89037), (-118.24545, 34.05357), (-122.08421, 37.4224), (-122.08421, 37.4224)
(-118.2455, 34.05361)
(-111.28162, 40.64505), (-77.03196, 38.89037), (-77.03196, 38.89037), (-104.99202, 39.74001), (-92.06862, 32.58997), (-92.06862, 32.58997), (-92.06862, 32.58997), (-92.06862, 32.58997), (-92.06862, 32.58997)
(-111.28162, 40.64505), (-77.03196, 38.89037), (-77.03196, 38.89037), (-121.88542, 37.33865), (-122.14302, 37.44188), (18.00446, 59.36934), (8.53113, 47.37328)
(-111.28162, 40.64505), (-77.03196, 38.89037), (-77.03196, 38.89037), (-104.99202, 39.74001), (-92.06862, 32.58997)
(-111.28162, 40.64505), (-77.03196, 38.89037), (-77.03196, 38.89037), (-77.03196, 38.89037), (-77.03196, 38.89037)
(-111.28162, 40.64505), (-77.03196, 38.89037), (-77.03196, 38.89037), (18.00446, 59.36934), (-122.03005, 37.32268)
(-111.28162, 40.64505), (-77.03196, 38.89037), (-77.03196, 38.89037), (-121.88542, 37.33865), (-121.88542, 37.33865), (-121.88542, 37.33865), (-77.4712, 39.01121)
(-111.28162, 40.64505), (-77.03196, 38.89037), (-77.03196, 38.89037), (-111.99624, 43.49688)
(-111.28162, 40.64505), (-77.03196, 38.89037), (-77.03196, 38.89037), (-104.99202, 39.74001), (-104.99202, 39.74001), (-122.15049, 37.48221), (-122.15049, 37.48221), (-122.15049, 37.48221), (-6.24054, 53.34463), (-6.24054, 53.34463), (-122.15049, 37.48221), (-122.15049, 37.48221), (-122.15049, 37.48221), (-6.24054, 53.34463)
(-111.28162, 40.64505), (-77.03196, 38.89037), (-77.03196, 38.89037), (-104.99202, 39.74001), (-121.88542, 37.33865), (-122.14302, 37.44188)
(-111.28162, 40.64505), (-77.03196, 38.89037), (-77.03196, 38.89037), (-104.99202, 39.74001), (-104.99202, 39.74001), (-104.99202, 39.74001), (-104.99202, 39.74001), (-122.39059, 37.78035)
